# junk at end of com file
26A0 00 00 00 00 00 00 00 00 00 00 00 00 00 00 00 00
26B0 00 00 00 00 00 00 00 00 00 00 00 00 00 00 00 00
26C0 00 00 00 00 00 00 00 00 00 00 00 00 00 00 00 00
26D0 00 00 00 00 00 00 00 00 00 00 00 00 00 00 00 00
26E0 00 00 00 00 00 00 00 00 00 00 00 00 00 00 00 00
26F0 00 00 00 00 00 00 00 00 00 00 00 00 00 00 00 00
2700 00 00 00 00 00 00 00 00 00 00 00 00 00 00 00 00
2710 00 00 00 00 00 00 00 00 00 20 00 00 00 00 00 00
2720 00 00 00 00 00 00 00 00 00 00 00 00 00 00 00 00
2730 00 00 00 00 00 00 00 00 00 00 00 00 00 00 00 00
2740 00 00 00 00 00 00 00 00 00 00 00 00 00 00 02 49
2750 04 24 91 09 24 92 00 88 80 82 11 10 11 04 82 20
2760 82 01 00 88 20 91 04 12 20 82 44 10 44 10 44 10
2770 44 10 48 82 08 84 80 44 42 12 44 44 89 22 20 84
