0945 3D C3 41 26
0C58 2F
0C5A 00 00 00 00
1099 C3 27 26
135B CD 3B 26
139C CD 3B 26
2627 3A 6A 29
262A 1F
262B DA 35 26
262E 2A 31 28
2631 4D
2632 CD 7D 09
2635 2A 33 28
2638 C3 9C 10
263B E6 7F
263D 32 24 28
2640 C9
2641 4F
2642 CD A9 04
2645 C3 49 09
# junk at end of com file
2A7A 00 00 00 00 00 00 00 00 00 00 00 00 00 00 00 00
2A8A 00 00 00 00 00 00 00 00 00 00 00 00 00 00 00 00
2A9A 00 00 00 00 00 00 00 00 00 00 00 00 00 00 00 00
2AAA 00 00 00 00 00 00 00 00 00 00 00 00 00 00 00 00
2ABA 00 00 00 00 00 00 00 00 00 00 00 00 00 00 00 00
2ACA 00 00 00 00 00 00 00 00 00 00 00 00 00 00 00 00
2ADA 00 00 00 00 00 00 00 00 00 00 00 00 00 00 00 00
2AEA 00 00 00 00 00 00 00 00 00 00 00 00 00 00 00 00
2AFA 00 00 00 00 00 00 00 00 00 00 00 00 00 00 00 00
2B0A 00 00 00 00 00 00 00 00 00 00 00 00 00 00 00 00
2B1A 00 00 00 00 00 00 00 00 00 00 00 00 00 00 00 00
2B2A 00 00 00 00 00 00 00 00 00 00 00 00 00 00 00 00
2B3A 00 00 00 00 00 00 00 00 00 00 00 00 00 00 00 00
2B4A 00 00 00 00 00 00 00 00 00 00 00 00 00 00 00 00
2B5A 00 00 00 00 00 00 00 00 00 00 00 00 00 00 00 00
2B6A 00 00 00 00 00 00 00 00 00 00 00 00 00 20 00 00
2B7A 00 00 00 00 00 00 83 F5 3A 0E 27 3D 32 0E 27 4F
2B8A 06 00 21 0F 27 09 C1 48 71 2A 38 2B EB 21 0A 00
2B9A CD 2D 25 EB 22 38 2B C3 92 0C 3A 37 2B 1F D2 F1
2BAA 0C 3A 36 28 32 2F 28 2A 34 28 4D CD 44 0C C3 F8
2BBA 0C 2A 0D 27 4D CD 26 0B 3A 0A 27 32 0D 27 21 6D
2BCA 29 36 00 C9 21 3D 2B 73 2B 70 2B 71 2A 3B 2B 7E
2BDA FE 00 CA 76 0D 2A 3D 2B 4D CD B6 09 3A 6A 29 1F
2BEA DA 2D 0D 2A 2F 28 4D CD 7D 09 C3 39 0D 3A 55 29
2BFA 1F D2 39 0D 0E 4D

